0.000000000000000000e+00 0.000000000000000000e+00 0.000000000000000000e+00 0.000000000000000000e+00 0.000000000000000000e+00 0.000000000000000000e+00 0.000000000000000000e+00 0.000000000000000000e+00 0.000000000000000000e+00 0.000000000000000000e+00 0.000000000000000000e+00 0.000000000000000000e+00 0.000000000000000000e+00 0.000000000000000000e+00 0.000000000000000000e+00 0.000000000000000000e+00 0.000000000000000000e+00 0.000000000000000000e+00 0.000000000000000000e+00 0.000000000000000000e+00 0.000000000000000000e+00 0.000000000000000000e+00 0.000000000000000000e+00 0.000000000000000000e+00 0.000000000000000000e+00
0.000000000000000000e+00 0.000000000000000000e+00 0.000000000000000000e+00 0.000000000000000000e+00 0.000000000000000000e+00 0.000000000000000000e+00 0.000000000000000000e+00 0.000000000000000000e+00 0.000000000000000000e+00 0.000000000000000000e+00 0.000000000000000000e+00 0.000000000000000000e+00 0.000000000000000000e+00 0.000000000000000000e+00 0.000000000000000000e+00 0.000000000000000000e+00 0.000000000000000000e+00 0.000000000000000000e+00 0.000000000000000000e+00 0.000000000000000000e+00 0.000000000000000000e+00 0.000000000000000000e+00 0.000000000000000000e+00 0.000000000000000000e+00 0.000000000000000000e+00
0.000000000000000000e+00 0.000000000000000000e+00 0.000000000000000000e+00 0.000000000000000000e+00 0.000000000000000000e+00 0.000000000000000000e+00 0.000000000000000000e+00 0.000000000000000000e+00 0.000000000000000000e+00 0.000000000000000000e+00 0.000000000000000000e+00 6.501168452589887320e-17 9.200006666699710460e-17 6.501168452589887320e-17 0.000000000000000000e+00 0.000000000000000000e+00 0.000000000000000000e+00 0.000000000000000000e+00 0.000000000000000000e+00 0.000000000000000000e+00 0.000000000000000000e+00 0.000000000000000000e+00 0.000000000000000000e+00 0.000000000000000000e+00 0.000000000000000000e+00
0.000000000000000000e+00 0.000000000000000000e+00 0.000000000000000000e+00 0.000000000000000000e+00 0.000000000000000000e+00 0.000000000000000000e+00 0.000000000000000000e+00 0.000000000000000000e+00 2.607223262883696024e-16 2.963159901028431485e-15 1.681661435809240351e-14 4.765721441069535602e-14 6.744121049378354327e-14 4.765721441069535602e-14 1.681661435809240351e-14 2.963159901028431485e-15 2.607223262883696024e-16 0.000000000000000000e+00 0.000000000000000000e+00 0.000000000000000000e+00 0.000000000000000000e+00 0.000000000000000000e+00 0.000000000000000000e+00 0.000000000000000000e+00 0.000000000000000000e+00
0.000000000000000000e+00 0.000000000000000000e+00 0.000000000000000000e+00 0.000000000000000000e+00 0.000000000000000000e+00 0.000000000000000000e+00 9.200006666699710460e-17 4.193259898788463322e-15 9.543815661806204220e-14 1.084673149909232137e-12 6.155769904231389589e-12 1.744505928602535505e-11 2.468704754510220312e-11 1.744505928602535505e-11 6.155769904231389589e-12 1.084673149909232137e-12 9.543815661806204220e-14 4.193259898788463322e-15 9.200006666699710460e-17 0.000000000000000000e+00 0.000000000000000000e+00 0.000000000000000000e+00 0.000000000000000000e+00 0.000000000000000000e+00 0.000000000000000000e+00
0.000000000000000000e+00 0.000000000000000000e+00 0.000000000000000000e+00 0.000000000000000000e+00 0.000000000000000000e+00 1.842389833902301211e-16 1.681661435809240351e-14 7.664824179000329085e-13 1.744505928602535505e-11 1.982664865618488648e-10 1.125207926833127203e-09 3.188767694339844638e-09 4.512524576227860962e-09 3.188767694339844638e-09 1.125207926833127203e-09 1.982664865618488648e-10 1.744505928602535505e-11 7.664824179000329085e-13 1.681661435809240351e-14 1.842389833902301211e-16 0.000000000000000000e+00 0.000000000000000000e+00 0.000000000000000000e+00 0.000000000000000000e+00 0.000000000000000000e+00
0.000000000000000000e+00 0.000000000000000000e+00 0.000000000000000000e+00 0.000000000000000000e+00 9.200006666699710460e-17 1.681661435809240351e-14 1.534954780467445712e-12 6.996152268623490045e-11 1.592316833942675203e-09 1.809699057275793166e-08 1.027045826162975573e-07 2.910582566073571797e-07 4.118855940760113299e-07 2.910582566073571797e-07 1.027045826162975573e-07 1.809699057275793166e-08 1.592316833942675203e-09 6.996152268623490045e-11 1.534954780467445712e-12 1.681661435809240351e-14 9.200006666699710460e-17 0.000000000000000000e+00 0.000000000000000000e+00 0.000000000000000000e+00 0.000000000000000000e+00
0.000000000000000000e+00 0.000000000000000000e+00 0.000000000000000000e+00 0.000000000000000000e+00 4.193259898788463322e-15 7.664824179000329085e-13 6.996152268623490045e-11 3.188767694339844638e-09 7.257602163690535235e-08 8.248405833910510410e-07 4.681160135078243911e-06 1.326610890828305855e-05 1.877328395494259894e-05 1.326610890828305855e-05 4.681160135078243911e-06 8.248405833910510410e-07 7.257602163690535235e-08 3.188767694339844638e-09 6.996152268623490045e-11 7.664824179000329085e-13 4.193259898788463322e-15 0.000000000000000000e+00 0.000000000000000000e+00 0.000000000000000000e+00 0.000000000000000000e+00
0.000000000000000000e+00 0.000000000000000000e+00 0.000000000000000000e+00 2.607223262883696024e-16 9.543815661806204220e-14 1.744505928602535505e-11 1.592316833942675203e-09 7.257602163690535235e-08 1.651822572057426441e-06 1.877328395494259894e-05 1.065427131834439933e-04 3.019352443516254425e-04 4.272779915481805801e-04 3.019352443516254425e-04 1.065427131834439933e-04 1.877328395494259894e-05 1.651822572057426441e-06 7.257602163690535235e-08 1.592316833942675203e-09 1.744505928602535505e-11 9.543815661806204220e-14 2.607223262883696024e-16 0.000000000000000000e+00 0.000000000000000000e+00 0.000000000000000000e+00
0.000000000000000000e+00 0.000000000000000000e+00 0.000000000000000000e+00 2.963159901028431485e-15 1.084673149909232137e-12 1.982664865618488648e-10 1.809699057275793166e-08 8.248405833910510410e-07 1.877328395494259894e-05 2.133620291715487838e-04 1.210878603160381317e-03 3.431552788242697716e-03 4.856097511947154999e-03 3.431552788242697716e-03 1.210878603160381317e-03 2.133620291715487838e-04 1.877328395494259894e-05 8.248405833910510410e-07 1.809699057275793166e-08 1.982664865618488648e-10 1.084673149909232137e-12 2.963159901028431485e-15 0.000000000000000000e+00 0.000000000000000000e+00 0.000000000000000000e+00
0.000000000000000000e+00 0.000000000000000000e+00 0.000000000000000000e+00 1.681661435809240351e-14 6.155769904231389589e-12 1.125207926833127203e-09 1.027045826162975573e-07 4.681160135078243911e-06 1.065427131834439933e-04 1.210878603160381317e-03 6.872014608234167099e-03 1.947485283017158508e-02 2.755947038531303406e-02 1.947485283017158508e-02 6.872014608234167099e-03 1.210878603160381317e-03 1.065427131834439933e-04 4.681160135078243911e-06 1.027045826162975573e-07 1.125207926833127203e-09 6.155769904231389589e-12 1.681661435809240351e-14 0.000000000000000000e+00 0.000000000000000000e+00 0.000000000000000000e+00
0.000000000000000000e+00 0.000000000000000000e+00 6.501168452589887320e-17 4.765721441069535602e-14 1.744505928602535505e-11 3.188767694339844638e-09 2.910582566073571797e-07 1.326610890828305855e-05 3.019352443516254425e-04 3.431552788242697716e-03 1.947485283017158508e-02 5.519048869609832764e-02 7.810178399085998535e-02 5.519048869609832764e-02 1.947485283017158508e-02 3.431552788242697716e-03 3.019352443516254425e-04 1.326610890828305855e-05 2.910582566073571797e-07 3.188767694339844638e-09 1.744505928602535505e-11 4.765721441069535602e-14 6.501168452589887320e-17 0.000000000000000000e+00 0.000000000000000000e+00
0.000000000000000000e+00 0.000000000000000000e+00 9.200006666699710460e-17 6.744121049378354327e-14 2.468704754510220312e-11 4.512524576227860962e-09 4.118855940760113299e-07 1.877328395494259894e-05 4.272779915481805801e-04 4.856097511947154999e-03 2.755947038531303406e-02 7.810178399085998535e-02 1.105242669582366943e-01 7.810178399085998535e-02 2.755947038531303406e-02 4.856097511947154999e-03 4.272779915481805801e-04 1.877328395494259894e-05 4.118855940760113299e-07 4.512524576227860962e-09 2.468704754510220312e-11 6.744121049378354327e-14 9.200006666699710460e-17 0.000000000000000000e+00 0.000000000000000000e+00
0.000000000000000000e+00 0.000000000000000000e+00 6.501168452589887320e-17 4.765721441069535602e-14 1.744505928602535505e-11 3.188767694339844638e-09 2.910582566073571797e-07 1.326610890828305855e-05 3.019352443516254425e-04 3.431552788242697716e-03 1.947485283017158508e-02 5.519048869609832764e-02 7.810178399085998535e-02 5.519048869609832764e-02 1.947485283017158508e-02 3.431552788242697716e-03 3.019352443516254425e-04 1.326610890828305855e-05 2.910582566073571797e-07 3.188767694339844638e-09 1.744505928602535505e-11 4.765721441069535602e-14 6.501168452589887320e-17 0.000000000000000000e+00 0.000000000000000000e+00
0.000000000000000000e+00 0.000000000000000000e+00 0.000000000000000000e+00 1.681661435809240351e-14 6.155769904231389589e-12 1.125207926833127203e-09 1.027045826162975573e-07 4.681160135078243911e-06 1.065427131834439933e-04 1.210878603160381317e-03 6.872014608234167099e-03 1.947485283017158508e-02 2.755947038531303406e-02 1.947485283017158508e-02 6.872014608234167099e-03 1.210878603160381317e-03 1.065427131834439933e-04 4.681160135078243911e-06 1.027045826162975573e-07 1.125207926833127203e-09 6.155769904231389589e-12 1.681661435809240351e-14 0.000000000000000000e+00 0.000000000000000000e+00 0.000000000000000000e+00
0.000000000000000000e+00 0.000000000000000000e+00 0.000000000000000000e+00 2.963159901028431485e-15 1.084673149909232137e-12 1.982664865618488648e-10 1.809699057275793166e-08 8.248405833910510410e-07 1.877328395494259894e-05 2.133620291715487838e-04 1.210878603160381317e-03 3.431552788242697716e-03 4.856097511947154999e-03 3.431552788242697716e-03 1.210878603160381317e-03 2.133620291715487838e-04 1.877328395494259894e-05 8.248405833910510410e-07 1.809699057275793166e-08 1.982664865618488648e-10 1.084673149909232137e-12 2.963159901028431485e-15 0.000000000000000000e+00 0.000000000000000000e+00 0.000000000000000000e+00
0.000000000000000000e+00 0.000000000000000000e+00 0.000000000000000000e+00 2.607223262883696024e-16 9.543815661806204220e-14 1.744505928602535505e-11 1.592316833942675203e-09 7.257602163690535235e-08 1.651822572057426441e-06 1.877328395494259894e-05 1.065427131834439933e-04 3.019352443516254425e-04 4.272779915481805801e-04 3.019352443516254425e-04 1.065427131834439933e-04 1.877328395494259894e-05 1.651822572057426441e-06 7.257602163690535235e-08 1.592316833942675203e-09 1.744505928602535505e-11 9.543815661806204220e-14 2.607223262883696024e-16 0.000000000000000000e+00 0.000000000000000000e+00 0.000000000000000000e+00
0.000000000000000000e+00 0.000000000000000000e+00 0.000000000000000000e+00 0.000000000000000000e+00 4.193259898788463322e-15 7.664824179000329085e-13 6.996152268623490045e-11 3.188767694339844638e-09 7.257602163690535235e-08 8.248405833910510410e-07 4.681160135078243911e-06 1.326610890828305855e-05 1.877328395494259894e-05 1.326610890828305855e-05 4.681160135078243911e-06 8.248405833910510410e-07 7.257602163690535235e-08 3.188767694339844638e-09 6.996152268623490045e-11 7.664824179000329085e-13 4.193259898788463322e-15 0.000000000000000000e+00 0.000000000000000000e+00 0.000000000000000000e+00 0.000000000000000000e+00
0.000000000000000000e+00 0.000000000000000000e+00 0.000000000000000000e+00 0.000000000000000000e+00 9.200006666699710460e-17 1.681661435809240351e-14 1.534954780467445712e-12 6.996152268623490045e-11 1.592316833942675203e-09 1.809699057275793166e-08 1.027045826162975573e-07 2.910582566073571797e-07 4.118855940760113299e-07 2.910582566073571797e-07 1.027045826162975573e-07 1.809699057275793166e-08 1.592316833942675203e-09 6.996152268623490045e-11 1.534954780467445712e-12 1.681661435809240351e-14 9.200006666699710460e-17 0.000000000000000000e+00 0.000000000000000000e+00 0.000000000000000000e+00 0.000000000000000000e+00
0.000000000000000000e+00 0.000000000000000000e+00 0.000000000000000000e+00 0.000000000000000000e+00 0.000000000000000000e+00 1.842389833902301211e-16 1.681661435809240351e-14 7.664824179000329085e-13 1.744505928602535505e-11 1.982664865618488648e-10 1.125207926833127203e-09 3.188767694339844638e-09 4.512524576227860962e-09 3.188767694339844638e-09 1.125207926833127203e-09 1.982664865618488648e-10 1.744505928602535505e-11 7.664824179000329085e-13 1.681661435809240351e-14 1.842389833902301211e-16 0.000000000000000000e+00 0.000000000000000000e+00 0.000000000000000000e+00 0.000000000000000000e+00 0.000000000000000000e+00
0.000000000000000000e+00 0.000000000000000000e+00 0.000000000000000000e+00 0.000000000000000000e+00 0.000000000000000000e+00 0.000000000000000000e+00 9.200006666699710460e-17 4.193259898788463322e-15 9.543815661806204220e-14 1.084673149909232137e-12 6.155769904231389589e-12 1.744505928602535505e-11 2.468704754510220312e-11 1.744505928602535505e-11 6.155769904231389589e-12 1.084673149909232137e-12 9.543815661806204220e-14 4.193259898788463322e-15 9.200006666699710460e-17 0.000000000000000000e+00 0.000000000000000000e+00 0.000000000000000000e+00 0.000000000000000000e+00 0.000000000000000000e+00 0.000000000000000000e+00
0.000000000000000000e+00 0.000000000000000000e+00 0.000000000000000000e+00 0.000000000000000000e+00 0.000000000000000000e+00 0.000000000000000000e+00 0.000000000000000000e+00 0.000000000000000000e+00 2.607223262883696024e-16 2.963159901028431485e-15 1.681661435809240351e-14 4.765721441069535602e-14 6.744121049378354327e-14 4.765721441069535602e-14 1.681661435809240351e-14 2.963159901028431485e-15 2.607223262883696024e-16 0.000000000000000000e+00 0.000000000000000000e+00 0.000000000000000000e+00 0.000000000000000000e+00 0.000000000000000000e+00 0.000000000000000000e+00 0.000000000000000000e+00 0.000000000000000000e+00
0.000000000000000000e+00 0.000000000000000000e+00 0.000000000000000000e+00 0.000000000000000000e+00 0.000000000000000000e+00 0.000000000000000000e+00 0.000000000000000000e+00 0.000000000000000000e+00 0.000000000000000000e+00 0.000000000000000000e+00 0.000000000000000000e+00 6.501168452589887320e-17 9.200006666699710460e-17 6.501168452589887320e-17 0.000000000000000000e+00 0.000000000000000000e+00 0.000000000000000000e+00 0.000000000000000000e+00 0.000000000000000000e+00 0.000000000000000000e+00 0.000000000000000000e+00 0.000000000000000000e+00 0.000000000000000000e+00 0.000000000000000000e+00 0.000000000000000000e+00
0.000000000000000000e+00 0.000000000000000000e+00 0.000000000000000000e+00 0.000000000000000000e+00 0.000000000000000000e+00 0.000000000000000000e+00 0.000000000000000000e+00 0.000000000000000000e+00 0.000000000000000000e+00 0.000000000000000000e+00 0.000000000000000000e+00 0.000000000000000000e+00 0.000000000000000000e+00 0.000000000000000000e+00 0.000000000000000000e+00 0.000000000000000000e+00 0.000000000000000000e+00 0.000000000000000000e+00 0.000000000000000000e+00 0.000000000000000000e+00 0.000000000000000000e+00 0.000000000000000000e+00 0.000000000000000000e+00 0.000000000000000000e+00 0.000000000000000000e+00
0.000000000000000000e+00 0.000000000000000000e+00 0.000000000000000000e+00 0.000000000000000000e+00 0.000000000000000000e+00 0.000000000000000000e+00 0.000000000000000000e+00 0.000000000000000000e+00 0.000000000000000000e+00 0.000000000000000000e+00 0.000000000000000000e+00 0.000000000000000000e+00 0.000000000000000000e+00 0.000000000000000000e+00 0.000000000000000000e+00 0.000000000000000000e+00 0.000000000000000000e+00 0.000000000000000000e+00 0.000000000000000000e+00 0.000000000000000000e+00 0.000000000000000000e+00 0.000000000000000000e+00 0.000000000000000000e+00 0.000000000000000000e+00 0.000000000000000000e+00
