6.997273316322605297e-10 2.572861701466422346e-09 6.367893767844634567e-09 1.060881693604187603e-08 1.189679199598003834e-08 8.980169496908274596e-09 4.562795474782888050e-09 1.560519491405898407e-09 3.592519892681167448e-10 5.566996169603655176e-11 5.806767826993519677e-12 4.076990752378134575e-13 1.926800563447749609e-14 6.129507865389237451e-16 1.312520730598513643e-17 1.891814405931912414e-19 1.835450367460163125e-21 1.198666966849089927e-23 5.269218603136707695e-26 1.559141882786033850e-28 3.105394644928860719e-31 4.163319973994298900e-34 3.757115031542561093e-37 2.282238756907256571e-40 9.388699710976274375e-44
2.572861701466422346e-09 1.240296398918872001e-08 4.024633071253447270e-08 8.790606642605780507e-08 1.292418545517648454e-07 1.279025667599853477e-07 8.520147787294263253e-08 3.820381877517320390e-08 1.153076656379425913e-08 2.342617211326114557e-09 3.203585174915701828e-10 2.948919927692195131e-11 1.827180550958984462e-12 7.620644295724260386e-14 2.139408501362362845e-15 4.042848552575372973e-17 5.142484674520198074e-19 4.403016565444060189e-21 2.537578098744914466e-23 9.844195852550588524e-26 2.570590215399656052e-28 4.518322867894079121e-31 5.345808516203979019e-34 4.257368942373086232e-37 2.282238756907256571e-40
6.367893767844634567e-09 4.024633071253447270e-08 1.712176356249983655e-07 4.903006356471450999e-07 9.450792504139826633e-07 1.226212589244823903e-06 1.070915118361881468e-06 6.295584853432956152e-07 2.491201769316830905e-07 6.635497840079551679e-08 1.189679199598003834e-08 1.435747298828005114e-09 1.166320512391294528e-10 6.377486646419461280e-12 2.347323724283256752e-13 5.815515187061791672e-15 9.698289679789813653e-17 1.088664088107192034e-18 8.225917796372757371e-21 4.183758836263827923e-23 1.432322049879597734e-25 3.300703275820808760e-28 5.119930532294638631e-31 5.345808516203979019e-34 3.757115031542561093e-37
1.060881693604187603e-08 8.790606642605780507e-08 4.903006356471450999e-07 1.840763047766813543e-06 4.651843028113944456e-06 7.913051376817747951e-06 9.060553566087037325e-06 6.983243565628072247e-06 3.622859139795764349e-06 1.265136688743950799e-06 2.973823711727163754e-07 4.705272615979083639e-08 5.011250525654986632e-09 3.592519892681167448e-10 1.733580640150833574e-11 5.630936797569596752e-13 1.231144516438938477e-14 1.811879045397711270e-16 1.794903553877030655e-18 1.196864026512384753e-20 5.372052518867533111e-23 1.623033487799852766e-25 3.300703275820808760e-28 4.518322867894079121e-31 4.163319973994298900e-34
1.189679199598003834e-08 1.292418545517648454e-07 9.450792504139826633e-07 4.651843028113944456e-06 1.541252095194067806e-05 3.437272971495985985e-05 5.159957800060510635e-05 5.213988333707675338e-05 3.546383595676161349e-05 1.623652860871516168e-05 5.003712885809363797e-06 1.037966512740240432e-06 1.449325992552985554e-07 1.362199064658398129e-08 8.618007418803586006e-10 3.669990006338608168e-11 1.051997464834864005e-12 2.029814169393975853e-14 2.636268552040638017e-16 2.304701789633515174e-18 1.356224652826630350e-20 5.372052518867533111e-23 1.432322049879597734e-25 2.570590215399656052e-28 3.105394644928860719e-31
8.980169496908274596e-09 1.279025667599853477e-07 1.226212589244823903e-06 7.913051376817747951e-06 3.437272971495985985e-05 1.005022568278945982e-04 1.978014042833819985e-04 2.620442828629165888e-04 2.336747420486062765e-04 1.402622001478448510e-04 5.667105142492800951e-05 1.541252095194067806e-05 2.821485395543277264e-06 3.476752397091331659e-07 2.883775529483045830e-08 1.610055755385531029e-09 6.050791118150655734e-11 1.530647353656378051e-12 2.606333084195690958e-14 2.987283505245352366e-16 2.304701789633515174e-18 1.196864026512384753e-20 4.183758836263827923e-23 9.844195852550588524e-26 1.559141882786033850e-28
4.562795474782888050e-09 8.520147787294263253e-08 1.070915118361881468e-06 9.060553566087037325e-06 5.159957800060510635e-05 1.978014042833819985e-04 5.103925941511988640e-04 8.864843985065817833e-04 1.036405214108526707e-03 8.156049880199134350e-04 4.320379812270402908e-04 1.540478842798620462e-04 3.697271313285455108e-05 5.973084626020863652e-06 6.495428124253521673e-07 4.754542004548056866e-08 2.342617211326114557e-09 7.769369175791851490e-11 1.734450690710209741e-12 2.606333084195690958e-14 2.636268552040638017e-16 1.794903553877030655e-18 8.225917796372757371e-21 2.537578098744914466e-23 5.269218603136707695e-26
1.560519491405898407e-09 3.820381877517320390e-08 6.295584853432956152e-07 6.983243565628072247e-06 5.213988333707675338e-05 2.620442828629165888e-04 8.864843985065817833e-04 2.018641680479049683e-03 3.094134619459509850e-03 3.192352829501032829e-03 2.217044355347752571e-03 1.036405214108526707e-03 3.261193924117833376e-04 6.907412171130999923e-05 9.847952242125757039e-06 9.450792504139826633e-07 6.104952632313143113e-08 2.654533037826922737e-09 7.769369175791851490e-11 1.530647353656378051e-12 2.029814169393975853e-14 1.811879045397711270e-16 1.088664088107192034e-18 4.403016565444060189e-21 1.198666966849089927e-23
3.592519892681167448e-10 1.153076656379425913e-08 2.491201769316830905e-07 3.622859139795764349e-06 3.546383595676161349e-05 2.336747420486062765e-04 1.036405214108526707e-03 3.094134619459509850e-03 6.217854563146829605e-03 8.410729467868804932e-03 7.658056449145078659e-03 4.693483002483844757e-03 1.936259912326931953e-03 5.376799381338059902e-04 1.005022568278945982e-04 1.264502043341053650e-05 1.070915118361881468e-06 6.104952632313143113e-08 2.342617211326114557e-09 6.050791118150655734e-11 1.051997464834864005e-12 1.231144516438938477e-14 9.698289679789813653e-17 5.142484674520198074e-19 1.835450367460163125e-21
5.566996169603655176e-11 2.342617211326114557e-09 6.635497840079551679e-08 1.265136688743950799e-06 1.623652860871516168e-05 1.402622001478448510e-04 8.156049880199134350e-04 3.192352829501032829e-03 8.410729467868804932e-03 1.491585746407508850e-02 1.780551485717296600e-02 1.430713292211294174e-02 7.738244719803333282e-03 2.817241474986076355e-03 6.903947214595973492e-04 1.138839797931723297e-04 1.264502043341053650e-05 9.450792504139826633e-07 4.754542004548056866e-08 1.610055755385531029e-09 3.669990006338608168e-11 5.630936797569596752e-13 5.815515187061791672e-15 4.042848552575372973e-17 1.891814405931912414e-19
5.806767826993519677e-12 3.203585174915701828e-10 1.189679199598003834e-08 2.973823711727163754e-07 5.003712885809363797e-06 5.667105142492800951e-05 4.320379812270402908e-04 2.217044355347752571e-03 7.658056449145078659e-03 1.780551485717296600e-02 2.786649018526077271e-02 2.935633063316345215e-02 2.081675641238689423e-02 9.936102665960788727e-03 3.192352829501032829e-03 6.903947214595973492e-04 1.005022568278945982e-04 9.847952242125757039e-06 6.495428124253521673e-07 2.883775529483045830e-08 8.618007418803586006e-10 1.733580640150833574e-11 2.347323724283256752e-13 2.139408501362362845e-15 1.312520730598513643e-17
4.076990752378134575e-13 2.948919927692195131e-11 1.435747298828005114e-09 4.705272615979083639e-08 1.037966512740240432e-06 1.541252095194067806e-05 1.540478842798620462e-04 1.036405214108526707e-03 4.693483002483844757e-03 1.430713292211294174e-02 2.935633063316345215e-02 4.054550454020500183e-02 3.769427537918090820e-02 2.358847483992576599e-02 9.936102665960788727e-03 2.817241474986076355e-03 5.376799381338059902e-04 6.907412171130999923e-05 5.973084626020863652e-06 3.476752397091331659e-07 1.362199064658398129e-08 3.592519892681167448e-10 6.377486646419461280e-12 7.620644295724260386e-14 6.129507865389237451e-16
1.926800563447749609e-14 1.827180550958984462e-12 1.166320512391294528e-10 5.011250525654986632e-09 1.449325992552985554e-07 2.821485395543277264e-06 3.697271313285455108e-05 3.261193924117833376e-04 1.936259912326931953e-03 7.738244719803333282e-03 2.081675641238689423e-02 3.769427537918090820e-02 4.594407603144645691e-02 3.769427537918090820e-02 2.081675641238689423e-02 7.738244719803333282e-03 1.936259912326931953e-03 3.261193924117833376e-04 3.697271313285455108e-05 2.821485395543277264e-06 1.449325992552985554e-07 5.011250525654986632e-09 1.166320512391294528e-10 1.827180550958984462e-12 1.926800563447749609e-14
6.129507865389237451e-16 7.620644295724260386e-14 6.377486646419461280e-12 3.592519892681167448e-10 1.362199064658398129e-08 3.476752397091331659e-07 5.973084626020863652e-06 6.907412171130999923e-05 5.376799381338059902e-04 2.817241474986076355e-03 9.936102665960788727e-03 2.358847483992576599e-02 3.769427537918090820e-02 4.054550454020500183e-02 2.935633063316345215e-02 1.430713292211294174e-02 4.693483002483844757e-03 1.036405214108526707e-03 1.540478842798620462e-04 1.541252095194067806e-05 1.037966512740240432e-06 4.705272615979083639e-08 1.435747298828005114e-09 2.948919927692195131e-11 4.076990752378134575e-13
1.312520730598513643e-17 2.139408501362362845e-15 2.347323724283256752e-13 1.733580640150833574e-11 8.618007418803586006e-10 2.883775529483045830e-08 6.495428124253521673e-07 9.847952242125757039e-06 1.005022568278945982e-04 6.903947214595973492e-04 3.192352829501032829e-03 9.936102665960788727e-03 2.081675641238689423e-02 2.935633063316345215e-02 2.786649018526077271e-02 1.780551485717296600e-02 7.658056449145078659e-03 2.217044355347752571e-03 4.320379812270402908e-04 5.667105142492800951e-05 5.003712885809363797e-06 2.973823711727163754e-07 1.189679199598003834e-08 3.203585174915701828e-10 5.806767826993519677e-12
1.891814405931912414e-19 4.042848552575372973e-17 5.815515187061791672e-15 5.630936797569596752e-13 3.669990006338608168e-11 1.610055755385531029e-09 4.754542004548056866e-08 9.450792504139826633e-07 1.264502043341053650e-05 1.138839797931723297e-04 6.903947214595973492e-04 2.817241474986076355e-03 7.738244719803333282e-03 1.430713292211294174e-02 1.780551485717296600e-02 1.491585746407508850e-02 8.410729467868804932e-03 3.192352829501032829e-03 8.156049880199134350e-04 1.402622001478448510e-04 1.623652860871516168e-05 1.265136688743950799e-06 6.635497840079551679e-08 2.342617211326114557e-09 5.566996169603655176e-11
1.835450367460163125e-21 5.142484674520198074e-19 9.698289679789813653e-17 1.231144516438938477e-14 1.051997464834864005e-12 6.050791118150655734e-11 2.342617211326114557e-09 6.104952632313143113e-08 1.070915118361881468e-06 1.264502043341053650e-05 1.005022568278945982e-04 5.376799381338059902e-04 1.936259912326931953e-03 4.693483002483844757e-03 7.658056449145078659e-03 8.410729467868804932e-03 6.217854563146829605e-03 3.094134619459509850e-03 1.036405214108526707e-03 2.336747420486062765e-04 3.546383595676161349e-05 3.622859139795764349e-06 2.491201769316830905e-07 1.153076656379425913e-08 3.592519892681167448e-10
1.198666966849089927e-23 4.403016565444060189e-21 1.088664088107192034e-18 1.811879045397711270e-16 2.029814169393975853e-14 1.530647353656378051e-12 7.769369175791851490e-11 2.654533037826922737e-09 6.104952632313143113e-08 9.450792504139826633e-07 9.847952242125757039e-06 6.907412171130999923e-05 3.261193924117833376e-04 1.036405214108526707e-03 2.217044355347752571e-03 3.192352829501032829e-03 3.094134619459509850e-03 2.018641680479049683e-03 8.864843985065817833e-04 2.620442828629165888e-04 5.213988333707675338e-05 6.983243565628072247e-06 6.295584853432956152e-07 3.820381877517320390e-08 1.560519491405898407e-09
5.269218603136707695e-26 2.537578098744914466e-23 8.225917796372757371e-21 1.794903553877030655e-18 2.636268552040638017e-16 2.606333084195690958e-14 1.734450690710209741e-12 7.769369175791851490e-11 2.342617211326114557e-09 4.754542004548056866e-08 6.495428124253521673e-07 5.973084626020863652e-06 3.697271313285455108e-05 1.540478842798620462e-04 4.320379812270402908e-04 8.156049880199134350e-04 1.036405214108526707e-03 8.864843985065817833e-04 5.103925941511988640e-04 1.978014042833819985e-04 5.159957800060510635e-05 9.060553566087037325e-06 1.070915118361881468e-06 8.520147787294263253e-08 4.562795474782888050e-09
1.559141882786033850e-28 9.844195852550588524e-26 4.183758836263827923e-23 1.196864026512384753e-20 2.304701789633515174e-18 2.987283505245352366e-16 2.606333084195690958e-14 1.530647353656378051e-12 6.050791118150655734e-11 1.610055755385531029e-09 2.883775529483045830e-08 3.476752397091331659e-07 2.821485395543277264e-06 1.541252095194067806e-05 5.667105142492800951e-05 1.402622001478448510e-04 2.336747420486062765e-04 2.620442828629165888e-04 1.978014042833819985e-04 1.005022568278945982e-04 3.437272971495985985e-05 7.913051376817747951e-06 1.226212589244823903e-06 1.279025667599853477e-07 8.980169496908274596e-09
3.105394644928860719e-31 2.570590215399656052e-28 1.432322049879597734e-25 5.372052518867533111e-23 1.356224652826630350e-20 2.304701789633515174e-18 2.636268552040638017e-16 2.029814169393975853e-14 1.051997464834864005e-12 3.669990006338608168e-11 8.618007418803586006e-10 1.362199064658398129e-08 1.449325992552985554e-07 1.037966512740240432e-06 5.003712885809363797e-06 1.623652860871516168e-05 3.546383595676161349e-05 5.213988333707675338e-05 5.159957800060510635e-05 3.437272971495985985e-05 1.541252095194067806e-05 4.651843028113944456e-06 9.450792504139826633e-07 1.292418545517648454e-07 1.189679199598003834e-08
4.163319973994298900e-34 4.518322867894079121e-31 3.300703275820808760e-28 1.623033487799852766e-25 5.372052518867533111e-23 1.196864026512384753e-20 1.794903553877030655e-18 1.811879045397711270e-16 1.231144516438938477e-14 5.630936797569596752e-13 1.733580640150833574e-11 3.592519892681167448e-10 5.011250525654986632e-09 4.705272615979083639e-08 2.973823711727163754e-07 1.265136688743950799e-06 3.622859139795764349e-06 6.983243565628072247e-06 9.060553566087037325e-06 7.913051376817747951e-06 4.651843028113944456e-06 1.840763047766813543e-06 4.903006356471450999e-07 8.790606642605780507e-08 1.060881693604187603e-08
3.757115031542561093e-37 5.345808516203979019e-34 5.119930532294638631e-31 3.300703275820808760e-28 1.432322049879597734e-25 4.183758836263827923e-23 8.225917796372757371e-21 1.088664088107192034e-18 9.698289679789813653e-17 5.815515187061791672e-15 2.347323724283256752e-13 6.377486646419461280e-12 1.166320512391294528e-10 1.435747298828005114e-09 1.189679199598003834e-08 6.635497840079551679e-08 2.491201769316830905e-07 6.295584853432956152e-07 1.070915118361881468e-06 1.226212589244823903e-06 9.450792504139826633e-07 4.903006356471450999e-07 1.712176356249983655e-07 4.024633071253447270e-08 6.367893767844634567e-09
2.282238756907256571e-40 4.257368942373086232e-37 5.345808516203979019e-34 4.518322867894079121e-31 2.570590215399656052e-28 9.844195852550588524e-26 2.537578098744914466e-23 4.403016565444060189e-21 5.142484674520198074e-19 4.042848552575372973e-17 2.139408501362362845e-15 7.620644295724260386e-14 1.827180550958984462e-12 2.948919927692195131e-11 3.203585174915701828e-10 2.342617211326114557e-09 1.153076656379425913e-08 3.820381877517320390e-08 8.520147787294263253e-08 1.279025667599853477e-07 1.292418545517648454e-07 8.790606642605780507e-08 4.024633071253447270e-08 1.240296398918872001e-08 2.572861701466422346e-09
9.388699710976274375e-44 2.282238756907256571e-40 3.757115031542561093e-37 4.163319973994298900e-34 3.105394644928860719e-31 1.559141882786033850e-28 5.269218603136707695e-26 1.198666966849089927e-23 1.835450367460163125e-21 1.891814405931912414e-19 1.312520730598513643e-17 6.129507865389237451e-16 1.926800563447749609e-14 4.076990752378134575e-13 5.806767826993519677e-12 5.566996169603655176e-11 3.592519892681167448e-10 1.560519491405898407e-09 4.562795474782888050e-09 8.980169496908274596e-09 1.189679199598003834e-08 1.060881693604187603e-08 6.367893767844634567e-09 2.572861701466422346e-09 6.997273316322605297e-10
