0.000000000000000000e+00 0.000000000000000000e+00 0.000000000000000000e+00 0.000000000000000000e+00 0.000000000000000000e+00 0.000000000000000000e+00 3.352855182869774896e-17 2.873884587151518755e-16 1.666777457563382511e-15 6.540931567265793195e-15 1.736821915400334898e-14 3.120503936629090425e-14 3.793567836165440132e-14 3.120503936629090425e-14 1.736821915400334898e-14 6.540931567265793195e-15 1.666777457563382511e-15 2.873884587151518755e-16 3.352855182869774896e-17 0.000000000000000000e+00 0.000000000000000000e+00 0.000000000000000000e+00 0.000000000000000000e+00 0.000000000000000000e+00 0.000000000000000000e+00
0.000000000000000000e+00 0.000000000000000000e+00 0.000000000000000000e+00 0.000000000000000000e+00 0.000000000000000000e+00 2.363992987519295376e-16 2.994656609413845830e-15 2.566856436062546487e-14 1.488709058371923133e-13 5.842138296567600531e-13 1.551270505280311074e-12 2.787128383988091151e-12 3.388286396246997789e-12 2.787128383988091151e-12 1.551270505280311074e-12 5.842138296567600531e-13 1.488709058371923133e-13 2.566856436062546487e-14 2.994656609413845830e-15 2.363992987519295376e-16 0.000000000000000000e+00 0.000000000000000000e+00 0.000000000000000000e+00 0.000000000000000000e+00 0.000000000000000000e+00
0.000000000000000000e+00 0.000000000000000000e+00 0.000000000000000000e+00 2.757983447704712236e-17 7.631063288019432952e-16 1.428670820969452082e-14 1.809810032957562265e-13 1.551270505280311074e-12 8.996960294826994442e-12 3.530675404816996377e-11 9.375047960169524686e-11 1.684391098821791388e-10 2.047698816065590677e-10 1.684391098821791388e-10 9.375047960169524686e-11 3.530675404816996377e-11 8.996960294826994442e-12 1.551270505280311074e-12 1.809810032957562265e-13 1.428670820969452082e-14 7.631063288019432952e-16 2.757983447704712236e-17 0.000000000000000000e+00 0.000000000000000000e+00 0.000000000000000000e+00
0.000000000000000000e+00 0.000000000000000000e+00 2.757983447704712236e-17 1.127798005368617611e-15 3.120503936629090425e-14 5.842138296567600531e-13 7.400698109893966148e-12 6.343475050796243409e-11 3.679048177218646742e-10 1.443768216091712020e-09 3.833656503360316492e-09 6.887832970647878028e-09 8.373475246514772152e-09 6.887832970647878028e-09 3.833656503360316492e-09 1.443768216091712020e-09 3.679048177218646742e-10 6.343475050796243409e-11 7.400698109893966148e-12 5.842138296567600531e-13 3.120503936629090425e-14 1.127798005368617611e-15 2.757983447704712236e-17 0.000000000000000000e+00 0.000000000000000000e+00
0.000000000000000000e+00 0.000000000000000000e+00 7.631063288019432952e-16 3.120503936629090425e-14 8.634120978942561031e-13 1.616460958142607041e-11 2.047698816065590677e-10 1.755175782491846803e-09 1.017955675308712671e-08 3.994761499370724778e-08 1.060734220459380595e-07 1.905794135836913483e-07 2.316856466677563731e-07 1.905794135836913483e-07 1.060734220459380595e-07 3.994761499370724778e-08 1.017955675308712671e-08 1.755175782491846803e-09 2.047698816065590677e-10 1.616460958142607041e-11 8.634120978942561031e-13 3.120503936629090425e-14 7.631063288019432952e-16 0.000000000000000000e+00 0.000000000000000000e+00
0.000000000000000000e+00 2.363992987519295376e-16 1.428670820969452082e-14 5.842138296567600531e-13 1.616460958142607041e-11 3.026302541897507581e-10 3.833656503360316492e-09 3.286001160063278803e-08 1.905794135836913483e-07 7.478904535673791543e-07 1.985883272936916910e-06 3.567985686458996497e-06 4.337567588663659990e-06 3.567985686458996497e-06 1.985883272936916910e-06 7.478904535673791543e-07 1.905794135836913483e-07 3.286001160063278803e-08 3.833656503360316492e-09 3.026302541897507581e-10 1.616460958142607041e-11 5.842138296567600531e-13 1.428670820969452082e-14 2.363992987519295376e-16 0.000000000000000000e+00
3.352855182869774896e-17 2.994656609413845830e-15 1.809810032957562265e-13 7.400698109893966148e-12 2.047698816065590677e-10 3.833656503360316492e-09 4.856395108276956307e-08 4.162637310400896240e-07 2.414220034552272409e-06 9.474118996877223253e-06 2.515674896130803972e-05 4.519849244388751686e-05 5.494739161804318428e-05 4.519849244388751686e-05 2.515674896130803972e-05 9.474118996877223253e-06 2.414220034552272409e-06 4.162637310400896240e-07 4.856395108276956307e-08 3.833656503360316492e-09 2.047698816065590677e-10 7.400698109893966148e-12 1.809810032957562265e-13 2.994656609413845830e-15 3.352855182869774896e-17
2.873884587151518755e-16 2.566856436062546487e-14 1.551270505280311074e-12 6.343475050796243409e-11 1.755175782491846803e-09 3.286001160063278803e-08 4.162637310400896240e-07 3.567985686458996497e-06 2.069337824650574476e-05 8.120698475977405906e-05 2.156299451598897576e-04 3.874168323818594217e-04 4.709791101049631834e-04 3.874168323818594217e-04 2.156299451598897576e-04 8.120698475977405906e-05 2.069337824650574476e-05 3.567985686458996497e-06 4.162637310400896240e-07 3.286001160063278803e-08 1.755175782491846803e-09 6.343475050796243409e-11 1.551270505280311074e-12 2.566856436062546487e-14 2.873884587151518755e-16
1.666777457563382511e-15 1.488709058371923133e-13 8.996960294826994442e-12 3.679048177218646742e-10 1.017955675308712671e-08 1.905794135836913483e-07 2.414220034552272409e-06 2.069337824650574476e-05 1.200161423184908926e-04 4.709791101049631834e-04 1.250596949830651283e-03 2.246915595605969429e-03 2.731554675847291946e-03 2.246915595605969429e-03 1.250596949830651283e-03 4.709791101049631834e-04 1.200161423184908926e-04 2.069337824650574476e-05 2.414220034552272409e-06 1.905794135836913483e-07 1.017955675308712671e-08 3.679048177218646742e-10 8.996960294826994442e-12 1.488709058371923133e-13 1.666777457563382511e-15
6.540931567265793195e-15 5.842138296567600531e-13 3.530675404816996377e-11 1.443768216091712020e-09 3.994761499370724778e-08 7.478904535673791543e-07 9.474118996877223253e-06 8.120698475977405906e-05 4.709791101049631834e-04 1.848262385465204716e-03 4.907715134322643280e-03 8.817566558718681335e-03 1.071943528950214386e-02 8.817566558718681335e-03 4.907715134322643280e-03 1.848262385465204716e-03 4.709791101049631834e-04 8.120698475977405906e-05 9.474118996877223253e-06 7.478904535673791543e-07 3.994761499370724778e-08 1.443768216091712020e-09 3.530675404816996377e-11 5.842138296567600531e-13 6.540931567265793195e-15
1.736821915400334898e-14 1.551270505280311074e-12 9.375047960169524686e-11 3.833656503360316492e-09 1.060734220459380595e-07 1.985883272936916910e-06 2.515674896130803972e-05 2.156299451598897576e-04 1.250596949830651283e-03 4.907715134322643280e-03 1.303151901811361313e-02 2.341339923441410065e-02 2.846345491707324982e-02 2.341339923441410065e-02 1.303151901811361313e-02 4.907715134322643280e-03 1.250596949830651283e-03 2.156299451598897576e-04 2.515674896130803972e-05 1.985883272936916910e-06 1.060734220459380595e-07 3.833656503360316492e-09 9.375047960169524686e-11 1.551270505280311074e-12 1.736821915400334898e-14
3.120503936629090425e-14 2.787128383988091151e-12 1.684391098821791388e-10 6.887832970647878028e-09 1.905794135836913483e-07 3.567985686458996497e-06 4.519849244388751686e-05 3.874168323818594217e-04 2.246915595605969429e-03 8.817566558718681335e-03 2.341339923441410065e-02 4.206625744700431824e-02 5.113956332206726074e-02 4.206625744700431824e-02 2.341339923441410065e-02 8.817566558718681335e-03 2.246915595605969429e-03 3.874168323818594217e-04 4.519849244388751686e-05 3.567985686458996497e-06 1.905794135836913483e-07 6.887832970647878028e-09 1.684391098821791388e-10 2.787128383988091151e-12 3.120503936629090425e-14
3.793567836165440132e-14 3.388286396246997789e-12 2.047698816065590677e-10 8.373475246514772152e-09 2.316856466677563731e-07 4.337567588663659990e-06 5.494739161804318428e-05 4.709791101049631834e-04 2.731554675847291946e-03 1.071943528950214386e-02 2.846345491707324982e-02 5.113956332206726074e-02 6.216989830136299133e-02 5.113956332206726074e-02 2.846345491707324982e-02 1.071943528950214386e-02 2.731554675847291946e-03 4.709791101049631834e-04 5.494739161804318428e-05 4.337567588663659990e-06 2.316856466677563731e-07 8.373475246514772152e-09 2.047698816065590677e-10 3.388286396246997789e-12 3.793567836165440132e-14
3.120503936629090425e-14 2.787128383988091151e-12 1.684391098821791388e-10 6.887832970647878028e-09 1.905794135836913483e-07 3.567985686458996497e-06 4.519849244388751686e-05 3.874168323818594217e-04 2.246915595605969429e-03 8.817566558718681335e-03 2.341339923441410065e-02 4.206625744700431824e-02 5.113956332206726074e-02 4.206625744700431824e-02 2.341339923441410065e-02 8.817566558718681335e-03 2.246915595605969429e-03 3.874168323818594217e-04 4.519849244388751686e-05 3.567985686458996497e-06 1.905794135836913483e-07 6.887832970647878028e-09 1.684391098821791388e-10 2.787128383988091151e-12 3.120503936629090425e-14
1.736821915400334898e-14 1.551270505280311074e-12 9.375047960169524686e-11 3.833656503360316492e-09 1.060734220459380595e-07 1.985883272936916910e-06 2.515674896130803972e-05 2.156299451598897576e-04 1.250596949830651283e-03 4.907715134322643280e-03 1.303151901811361313e-02 2.341339923441410065e-02 2.846345491707324982e-02 2.341339923441410065e-02 1.303151901811361313e-02 4.907715134322643280e-03 1.250596949830651283e-03 2.156299451598897576e-04 2.515674896130803972e-05 1.985883272936916910e-06 1.060734220459380595e-07 3.833656503360316492e-09 9.375047960169524686e-11 1.551270505280311074e-12 1.736821915400334898e-14
6.540931567265793195e-15 5.842138296567600531e-13 3.530675404816996377e-11 1.443768216091712020e-09 3.994761499370724778e-08 7.478904535673791543e-07 9.474118996877223253e-06 8.120698475977405906e-05 4.709791101049631834e-04 1.848262385465204716e-03 4.907715134322643280e-03 8.817566558718681335e-03 1.071943528950214386e-02 8.817566558718681335e-03 4.907715134322643280e-03 1.848262385465204716e-03 4.709791101049631834e-04 8.120698475977405906e-05 9.474118996877223253e-06 7.478904535673791543e-07 3.994761499370724778e-08 1.443768216091712020e-09 3.530675404816996377e-11 5.842138296567600531e-13 6.540931567265793195e-15
1.666777457563382511e-15 1.488709058371923133e-13 8.996960294826994442e-12 3.679048177218646742e-10 1.017955675308712671e-08 1.905794135836913483e-07 2.414220034552272409e-06 2.069337824650574476e-05 1.200161423184908926e-04 4.709791101049631834e-04 1.250596949830651283e-03 2.246915595605969429e-03 2.731554675847291946e-03 2.246915595605969429e-03 1.250596949830651283e-03 4.709791101049631834e-04 1.200161423184908926e-04 2.069337824650574476e-05 2.414220034552272409e-06 1.905794135836913483e-07 1.017955675308712671e-08 3.679048177218646742e-10 8.996960294826994442e-12 1.488709058371923133e-13 1.666777457563382511e-15
2.873884587151518755e-16 2.566856436062546487e-14 1.551270505280311074e-12 6.343475050796243409e-11 1.755175782491846803e-09 3.286001160063278803e-08 4.162637310400896240e-07 3.567985686458996497e-06 2.069337824650574476e-05 8.120698475977405906e-05 2.156299451598897576e-04 3.874168323818594217e-04 4.709791101049631834e-04 3.874168323818594217e-04 2.156299451598897576e-04 8.120698475977405906e-05 2.069337824650574476e-05 3.567985686458996497e-06 4.162637310400896240e-07 3.286001160063278803e-08 1.755175782491846803e-09 6.343475050796243409e-11 1.551270505280311074e-12 2.566856436062546487e-14 2.873884587151518755e-16
3.352855182869774896e-17 2.994656609413845830e-15 1.809810032957562265e-13 7.400698109893966148e-12 2.047698816065590677e-10 3.833656503360316492e-09 4.856395108276956307e-08 4.162637310400896240e-07 2.414220034552272409e-06 9.474118996877223253e-06 2.515674896130803972e-05 4.519849244388751686e-05 5.494739161804318428e-05 4.519849244388751686e-05 2.515674896130803972e-05 9.474118996877223253e-06 2.414220034552272409e-06 4.162637310400896240e-07 4.856395108276956307e-08 3.833656503360316492e-09 2.047698816065590677e-10 7.400698109893966148e-12 1.809810032957562265e-13 2.994656609413845830e-15 3.352855182869774896e-17
0.000000000000000000e+00 2.363992987519295376e-16 1.428670820969452082e-14 5.842138296567600531e-13 1.616460958142607041e-11 3.026302541897507581e-10 3.833656503360316492e-09 3.286001160063278803e-08 1.905794135836913483e-07 7.478904535673791543e-07 1.985883272936916910e-06 3.567985686458996497e-06 4.337567588663659990e-06 3.567985686458996497e-06 1.985883272936916910e-06 7.478904535673791543e-07 1.905794135836913483e-07 3.286001160063278803e-08 3.833656503360316492e-09 3.026302541897507581e-10 1.616460958142607041e-11 5.842138296567600531e-13 1.428670820969452082e-14 2.363992987519295376e-16 0.000000000000000000e+00
0.000000000000000000e+00 0.000000000000000000e+00 7.631063288019432952e-16 3.120503936629090425e-14 8.634120978942561031e-13 1.616460958142607041e-11 2.047698816065590677e-10 1.755175782491846803e-09 1.017955675308712671e-08 3.994761499370724778e-08 1.060734220459380595e-07 1.905794135836913483e-07 2.316856466677563731e-07 1.905794135836913483e-07 1.060734220459380595e-07 3.994761499370724778e-08 1.017955675308712671e-08 1.755175782491846803e-09 2.047698816065590677e-10 1.616460958142607041e-11 8.634120978942561031e-13 3.120503936629090425e-14 7.631063288019432952e-16 0.000000000000000000e+00 0.000000000000000000e+00
0.000000000000000000e+00 0.000000000000000000e+00 2.757983447704712236e-17 1.127798005368617611e-15 3.120503936629090425e-14 5.842138296567600531e-13 7.400698109893966148e-12 6.343475050796243409e-11 3.679048177218646742e-10 1.443768216091712020e-09 3.833656503360316492e-09 6.887832970647878028e-09 8.373475246514772152e-09 6.887832970647878028e-09 3.833656503360316492e-09 1.443768216091712020e-09 3.679048177218646742e-10 6.343475050796243409e-11 7.400698109893966148e-12 5.842138296567600531e-13 3.120503936629090425e-14 1.127798005368617611e-15 2.757983447704712236e-17 0.000000000000000000e+00 0.000000000000000000e+00
0.000000000000000000e+00 0.000000000000000000e+00 0.000000000000000000e+00 2.757983447704712236e-17 7.631063288019432952e-16 1.428670820969452082e-14 1.809810032957562265e-13 1.551270505280311074e-12 8.996960294826994442e-12 3.530675404816996377e-11 9.375047960169524686e-11 1.684391098821791388e-10 2.047698816065590677e-10 1.684391098821791388e-10 9.375047960169524686e-11 3.530675404816996377e-11 8.996960294826994442e-12 1.551270505280311074e-12 1.809810032957562265e-13 1.428670820969452082e-14 7.631063288019432952e-16 2.757983447704712236e-17 0.000000000000000000e+00 0.000000000000000000e+00 0.000000000000000000e+00
0.000000000000000000e+00 0.000000000000000000e+00 0.000000000000000000e+00 0.000000000000000000e+00 0.000000000000000000e+00 2.363992987519295376e-16 2.994656609413845830e-15 2.566856436062546487e-14 1.488709058371923133e-13 5.842138296567600531e-13 1.551270505280311074e-12 2.787128383988091151e-12 3.388286396246997789e-12 2.787128383988091151e-12 1.551270505280311074e-12 5.842138296567600531e-13 1.488709058371923133e-13 2.566856436062546487e-14 2.994656609413845830e-15 2.363992987519295376e-16 0.000000000000000000e+00 0.000000000000000000e+00 0.000000000000000000e+00 0.000000000000000000e+00 0.000000000000000000e+00
0.000000000000000000e+00 0.000000000000000000e+00 0.000000000000000000e+00 0.000000000000000000e+00 0.000000000000000000e+00 0.000000000000000000e+00 3.352855182869774896e-17 2.873884587151518755e-16 1.666777457563382511e-15 6.540931567265793195e-15 1.736821915400334898e-14 3.120503936629090425e-14 3.793567836165440132e-14 3.120503936629090425e-14 1.736821915400334898e-14 6.540931567265793195e-15 1.666777457563382511e-15 2.873884587151518755e-16 3.352855182869774896e-17 0.000000000000000000e+00 0.000000000000000000e+00 0.000000000000000000e+00 0.000000000000000000e+00 0.000000000000000000e+00 0.000000000000000000e+00
