9.229088186367482275e-18 1.635894980413625543e-16 2.258283434520636304e-15 2.427883401593354529e-14 2.032841939485913185e-13 1.325579403188559269e-12 6.731848151836361538e-12 2.662497479433145742e-11 8.201069684465878140e-11 1.967334350982952174e-10 3.675464377295156737e-10 5.347769449493000593e-10 6.059816537451467866e-10 5.347769449493000593e-10 3.675464377295156737e-10 1.967334350982952174e-10 8.201069684465878140e-11 2.662497479433145742e-11 6.731848151836361538e-12 1.325579403188559269e-12 2.032841939485913185e-13 2.427883401593354529e-14 2.258283434520636304e-15 1.635894980413625543e-16 9.229088186367482275e-18
1.635894980413625543e-16 2.899693204598324456e-15 4.002903219936689017e-14 4.303526393752143964e-13 3.603298649040853618e-12 2.349645825128199306e-11 1.193248555519943466e-10 4.719389878893309742e-10 1.453674403073534904e-09 3.487183652950420765e-09 6.514916606192855397e-09 9.479148133095804951e-09 1.074128164191279211e-08 9.479148133095804951e-09 6.514916606192855397e-09 3.487183652950420765e-09 1.453674403073534904e-09 4.719389878893309742e-10 1.193248555519943466e-10 2.349645825128199306e-11 3.603298649040853618e-12 4.303526393752143964e-13 4.002903219936689017e-14 2.899693204598324456e-15 1.635894980413625543e-16
2.258283434520636304e-15 4.002903219936689017e-14 5.525837491575369409e-13 5.940835063472649225e-12 4.974200218388347139e-11 3.243585955381433905e-10 1.647228908829845295e-09 6.514916606192855397e-09 2.006735577708695928e-08 4.813908560663548997e-08 8.993564648562824004e-08 1.308555965806590393e-07 1.482788150042324560e-07 1.308555965806590393e-07 8.993564648562824004e-08 4.813908560663548997e-08 2.006735577708695928e-08 6.514916606192855397e-09 1.647228908829845295e-09 3.243585955381433905e-10 4.974200218388347139e-11 5.940835063472649225e-12 5.525837491575369409e-13 4.002903219936689017e-14 2.258283434520636304e-15
2.427883401593354529e-14 4.303526393752143964e-13 5.940835063472649225e-12 6.386999262808501499e-11 5.347769449493000593e-10 3.487183652950420765e-09 1.770937885225976061e-08 7.004195623494524625e-08 2.157444072281577974e-07 5.175439241611456964e-07 9.668993925515678711e-07 1.406830278938286938e-06 1.594147533978684805e-06 1.406830278938286938e-06 9.668993925515678711e-07 5.175439241611456964e-07 2.157444072281577974e-07 7.004195623494524625e-08 1.770937885225976061e-08 3.487183652950420765e-09 5.347769449493000593e-10 6.386999262808501499e-11 5.940835063472649225e-12 4.303526393752143964e-13 2.427883401593354529e-14
2.032841939485913185e-13 3.603298649040853618e-12 4.974200218388347139e-11 5.347769449493000593e-10 4.477632487009941542e-09 2.919782993160424667e-08 1.482788150042324560e-07 5.864541208211448975e-07 1.806405862225801684e-06 4.333342076279222965e-06 8.095748853520490229e-06 1.177924514195183292e-05 1.334763419436058030e-05 1.177924514195183292e-05 8.095748853520490229e-06 4.333342076279222965e-06 1.806405862225801684e-06 5.864541208211448975e-07 1.482788150042324560e-07 2.919782993160424667e-08 4.477632487009941542e-09 5.347769449493000593e-10 4.974200218388347139e-11 3.603298649040853618e-12 2.032841939485913185e-13
1.325579403188559269e-12 2.349645825128199306e-11 3.243585955381433905e-10 3.487183652950420765e-09 2.919782993160424667e-08 1.903937771885466645e-07 9.668993925515678711e-07 3.824161012744298205e-06 1.177924514195183292e-05 2.825694173225201666e-05 5.279091783449985087e-05 7.681032730033621192e-05 8.703750791028141975e-05 7.681032730033621192e-05 5.279091783449985087e-05 2.825694173225201666e-05 1.177924514195183292e-05 3.824161012744298205e-06 9.668993925515678711e-07 1.903937771885466645e-07 2.919782993160424667e-08 3.487183652950420765e-09 3.243585955381433905e-10 2.349645825128199306e-11 1.325579403188559269e-12
6.731848151836361538e-12 1.193248555519943466e-10 1.647228908829845295e-09 1.770937885225976061e-08 1.482788150042324560e-07 9.668993925515678711e-07 4.910320058115758002e-06 1.942069320648442954e-05 5.981994399917311966e-05 1.435005833627656102e-04 2.680943871382623911e-04 3.900750307366251945e-04 4.420129407662898302e-04 3.900750307366251945e-04 2.680943871382623911e-04 1.435005833627656102e-04 5.981994399917311966e-05 1.942069320648442954e-05 4.910320058115758002e-06 9.668993925515678711e-07 1.482788150042324560e-07 1.770937885225976061e-08 1.647228908829845295e-09 1.193248555519943466e-10 6.731848151836361538e-12
2.662497479433145742e-11 4.719389878893309742e-10 6.514916606192855397e-09 7.004195623494524625e-08 5.864541208211448975e-07 3.824161012744298205e-06 1.942069320648442954e-05 7.681032730033621192e-05 2.365924738114699721e-04 5.675558350048959255e-04 1.060333917848765850e-03 1.542776706628501415e-03 1.748195034451782703e-03 1.542776706628501415e-03 1.060333917848765850e-03 5.675558350048959255e-04 2.365924738114699721e-04 7.681032730033621192e-05 1.942069320648442954e-05 3.824161012744298205e-06 5.864541208211448975e-07 7.004195623494524625e-08 6.514916606192855397e-09 4.719389878893309742e-10 2.662497479433145742e-11
8.201069684465878140e-11 1.453674403073534904e-09 2.006735577708695928e-08 2.157444072281577974e-07 1.806405862225801684e-06 1.177924514195183292e-05 5.981994399917311966e-05 2.365924738114699721e-04 7.287561311386525631e-04 1.748195034451782703e-03 3.266058396548032761e-03 4.752086941152811050e-03 5.384820047765970230e-03 4.752086941152811050e-03 3.266058396548032761e-03 1.748195034451782703e-03 7.287561311386525631e-04 2.365924738114699721e-04 5.981994399917311966e-05 1.177924514195183292e-05 1.806405862225801684e-06 2.157444072281577974e-07 2.006735577708695928e-08 1.453674403073534904e-09 8.201069684465878140e-11
1.967334350982952174e-10 3.487183652950420765e-09 4.813908560663548997e-08 5.175439241611456964e-07 4.333342076279222965e-06 2.825694173225201666e-05 1.435005833627656102e-04 5.675558350048959255e-04 1.748195034451782703e-03 4.193701781332492828e-03 7.834866642951965332e-03 1.139966398477554321e-02 1.291751116514205933e-02 1.139966398477554321e-02 7.834866642951965332e-03 4.193701781332492828e-03 1.748195034451782703e-03 5.675558350048959255e-04 1.435005833627656102e-04 2.825694173225201666e-05 4.333342076279222965e-06 5.175439241611456964e-07 4.813908560663548997e-08 3.487183652950420765e-09 1.967334350982952174e-10
3.675464377295156737e-10 6.514916606192855397e-09 8.993564648562824004e-08 9.668993925515678711e-07 8.095748853520490229e-06 5.279091783449985087e-05 2.680943871382623911e-04 1.060333917848765850e-03 3.266058396548032761e-03 7.834866642951965332e-03 1.463745813816785812e-02 2.129737474024295807e-02 2.413308806717395782e-02 2.129737474024295807e-02 1.463745813816785812e-02 7.834866642951965332e-03 3.266058396548032761e-03 1.060333917848765850e-03 2.680943871382623911e-04 5.279091783449985087e-05 8.095748853520490229e-06 9.668993925515678711e-07 8.993564648562824004e-08 6.514916606192855397e-09 3.675464377295156737e-10
5.347769449493000593e-10 9.479148133095804951e-09 1.308555965806590393e-07 1.406830278938286938e-06 1.177924514195183292e-05 7.681032730033621192e-05 3.900750307366251945e-04 1.542776706628501415e-03 4.752086941152811050e-03 1.139966398477554321e-02 2.129737474024295807e-02 3.098749928176403046e-02 3.511343523859977722e-02 3.098749928176403046e-02 2.129737474024295807e-02 1.139966398477554321e-02 4.752086941152811050e-03 1.542776706628501415e-03 3.900750307366251945e-04 7.681032730033621192e-05 1.177924514195183292e-05 1.406830278938286938e-06 1.308555965806590393e-07 9.479148133095804951e-09 5.347769449493000593e-10
6.059816537451467866e-10 1.074128164191279211e-08 1.482788150042324560e-07 1.594147533978684805e-06 1.334763419436058030e-05 8.703750791028141975e-05 4.420129407662898302e-04 1.748195034451782703e-03 5.384820047765970230e-03 1.291751116514205933e-02 2.413308806717395782e-02 3.511343523859977722e-02 3.978873416781425476e-02 3.511343523859977722e-02 2.413308806717395782e-02 1.291751116514205933e-02 5.384820047765970230e-03 1.748195034451782703e-03 4.420129407662898302e-04 8.703750791028141975e-05 1.334763419436058030e-05 1.594147533978684805e-06 1.482788150042324560e-07 1.074128164191279211e-08 6.059816537451467866e-10
5.347769449493000593e-10 9.479148133095804951e-09 1.308555965806590393e-07 1.406830278938286938e-06 1.177924514195183292e-05 7.681032730033621192e-05 3.900750307366251945e-04 1.542776706628501415e-03 4.752086941152811050e-03 1.139966398477554321e-02 2.129737474024295807e-02 3.098749928176403046e-02 3.511343523859977722e-02 3.098749928176403046e-02 2.129737474024295807e-02 1.139966398477554321e-02 4.752086941152811050e-03 1.542776706628501415e-03 3.900750307366251945e-04 7.681032730033621192e-05 1.177924514195183292e-05 1.406830278938286938e-06 1.308555965806590393e-07 9.479148133095804951e-09 5.347769449493000593e-10
3.675464377295156737e-10 6.514916606192855397e-09 8.993564648562824004e-08 9.668993925515678711e-07 8.095748853520490229e-06 5.279091783449985087e-05 2.680943871382623911e-04 1.060333917848765850e-03 3.266058396548032761e-03 7.834866642951965332e-03 1.463745813816785812e-02 2.129737474024295807e-02 2.413308806717395782e-02 2.129737474024295807e-02 1.463745813816785812e-02 7.834866642951965332e-03 3.266058396548032761e-03 1.060333917848765850e-03 2.680943871382623911e-04 5.279091783449985087e-05 8.095748853520490229e-06 9.668993925515678711e-07 8.993564648562824004e-08 6.514916606192855397e-09 3.675464377295156737e-10
1.967334350982952174e-10 3.487183652950420765e-09 4.813908560663548997e-08 5.175439241611456964e-07 4.333342076279222965e-06 2.825694173225201666e-05 1.435005833627656102e-04 5.675558350048959255e-04 1.748195034451782703e-03 4.193701781332492828e-03 7.834866642951965332e-03 1.139966398477554321e-02 1.291751116514205933e-02 1.139966398477554321e-02 7.834866642951965332e-03 4.193701781332492828e-03 1.748195034451782703e-03 5.675558350048959255e-04 1.435005833627656102e-04 2.825694173225201666e-05 4.333342076279222965e-06 5.175439241611456964e-07 4.813908560663548997e-08 3.487183652950420765e-09 1.967334350982952174e-10
8.201069684465878140e-11 1.453674403073534904e-09 2.006735577708695928e-08 2.157444072281577974e-07 1.806405862225801684e-06 1.177924514195183292e-05 5.981994399917311966e-05 2.365924738114699721e-04 7.287561311386525631e-04 1.748195034451782703e-03 3.266058396548032761e-03 4.752086941152811050e-03 5.384820047765970230e-03 4.752086941152811050e-03 3.266058396548032761e-03 1.748195034451782703e-03 7.287561311386525631e-04 2.365924738114699721e-04 5.981994399917311966e-05 1.177924514195183292e-05 1.806405862225801684e-06 2.157444072281577974e-07 2.006735577708695928e-08 1.453674403073534904e-09 8.201069684465878140e-11
2.662497479433145742e-11 4.719389878893309742e-10 6.514916606192855397e-09 7.004195623494524625e-08 5.864541208211448975e-07 3.824161012744298205e-06 1.942069320648442954e-05 7.681032730033621192e-05 2.365924738114699721e-04 5.675558350048959255e-04 1.060333917848765850e-03 1.542776706628501415e-03 1.748195034451782703e-03 1.542776706628501415e-03 1.060333917848765850e-03 5.675558350048959255e-04 2.365924738114699721e-04 7.681032730033621192e-05 1.942069320648442954e-05 3.824161012744298205e-06 5.864541208211448975e-07 7.004195623494524625e-08 6.514916606192855397e-09 4.719389878893309742e-10 2.662497479433145742e-11
6.731848151836361538e-12 1.193248555519943466e-10 1.647228908829845295e-09 1.770937885225976061e-08 1.482788150042324560e-07 9.668993925515678711e-07 4.910320058115758002e-06 1.942069320648442954e-05 5.981994399917311966e-05 1.435005833627656102e-04 2.680943871382623911e-04 3.900750307366251945e-04 4.420129407662898302e-04 3.900750307366251945e-04 2.680943871382623911e-04 1.435005833627656102e-04 5.981994399917311966e-05 1.942069320648442954e-05 4.910320058115758002e-06 9.668993925515678711e-07 1.482788150042324560e-07 1.770937885225976061e-08 1.647228908829845295e-09 1.193248555519943466e-10 6.731848151836361538e-12
1.325579403188559269e-12 2.349645825128199306e-11 3.243585955381433905e-10 3.487183652950420765e-09 2.919782993160424667e-08 1.903937771885466645e-07 9.668993925515678711e-07 3.824161012744298205e-06 1.177924514195183292e-05 2.825694173225201666e-05 5.279091783449985087e-05 7.681032730033621192e-05 8.703750791028141975e-05 7.681032730033621192e-05 5.279091783449985087e-05 2.825694173225201666e-05 1.177924514195183292e-05 3.824161012744298205e-06 9.668993925515678711e-07 1.903937771885466645e-07 2.919782993160424667e-08 3.487183652950420765e-09 3.243585955381433905e-10 2.349645825128199306e-11 1.325579403188559269e-12
2.032841939485913185e-13 3.603298649040853618e-12 4.974200218388347139e-11 5.347769449493000593e-10 4.477632487009941542e-09 2.919782993160424667e-08 1.482788150042324560e-07 5.864541208211448975e-07 1.806405862225801684e-06 4.333342076279222965e-06 8.095748853520490229e-06 1.177924514195183292e-05 1.334763419436058030e-05 1.177924514195183292e-05 8.095748853520490229e-06 4.333342076279222965e-06 1.806405862225801684e-06 5.864541208211448975e-07 1.482788150042324560e-07 2.919782993160424667e-08 4.477632487009941542e-09 5.347769449493000593e-10 4.974200218388347139e-11 3.603298649040853618e-12 2.032841939485913185e-13
2.427883401593354529e-14 4.303526393752143964e-13 5.940835063472649225e-12 6.386999262808501499e-11 5.347769449493000593e-10 3.487183652950420765e-09 1.770937885225976061e-08 7.004195623494524625e-08 2.157444072281577974e-07 5.175439241611456964e-07 9.668993925515678711e-07 1.406830278938286938e-06 1.594147533978684805e-06 1.406830278938286938e-06 9.668993925515678711e-07 5.175439241611456964e-07 2.157444072281577974e-07 7.004195623494524625e-08 1.770937885225976061e-08 3.487183652950420765e-09 5.347769449493000593e-10 6.386999262808501499e-11 5.940835063472649225e-12 4.303526393752143964e-13 2.427883401593354529e-14
2.258283434520636304e-15 4.002903219936689017e-14 5.525837491575369409e-13 5.940835063472649225e-12 4.974200218388347139e-11 3.243585955381433905e-10 1.647228908829845295e-09 6.514916606192855397e-09 2.006735577708695928e-08 4.813908560663548997e-08 8.993564648562824004e-08 1.308555965806590393e-07 1.482788150042324560e-07 1.308555965806590393e-07 8.993564648562824004e-08 4.813908560663548997e-08 2.006735577708695928e-08 6.514916606192855397e-09 1.647228908829845295e-09 3.243585955381433905e-10 4.974200218388347139e-11 5.940835063472649225e-12 5.525837491575369409e-13 4.002903219936689017e-14 2.258283434520636304e-15
1.635894980413625543e-16 2.899693204598324456e-15 4.002903219936689017e-14 4.303526393752143964e-13 3.603298649040853618e-12 2.349645825128199306e-11 1.193248555519943466e-10 4.719389878893309742e-10 1.453674403073534904e-09 3.487183652950420765e-09 6.514916606192855397e-09 9.479148133095804951e-09 1.074128164191279211e-08 9.479148133095804951e-09 6.514916606192855397e-09 3.487183652950420765e-09 1.453674403073534904e-09 4.719389878893309742e-10 1.193248555519943466e-10 2.349645825128199306e-11 3.603298649040853618e-12 4.303526393752143964e-13 4.002903219936689017e-14 2.899693204598324456e-15 1.635894980413625543e-16
9.229088186367482275e-18 1.635894980413625543e-16 2.258283434520636304e-15 2.427883401593354529e-14 2.032841939485913185e-13 1.325579403188559269e-12 6.731848151836361538e-12 2.662497479433145742e-11 8.201069684465878140e-11 1.967334350982952174e-10 3.675464377295156737e-10 5.347769449493000593e-10 6.059816537451467866e-10 5.347769449493000593e-10 3.675464377295156737e-10 1.967334350982952174e-10 8.201069684465878140e-11 2.662497479433145742e-11 6.731848151836361538e-12 1.325579403188559269e-12 2.032841939485913185e-13 2.427883401593354529e-14 2.258283434520636304e-15 1.635894980413625543e-16 9.229088186367482275e-18
